max: 100.000000
min: 10.000000
average:55.000000
